1001 111113233323131121131111323113 10
1001 232114333313131131131221333113 11
1001 232113233423441434142411 33432 12
1001 323111234212221132111111213111 13
1001 433114333113411234134111 33113 14
1001 4331 4343433431311131113343113 15
1001 222223243212111211111311233333 16
1001 222222222332421114114111222211 17
1001 223222333113132112111111323211 18
1001 2322122223 211131231311111 111 19
1002 23222432332221111211111132211  20
1002 233223243132122123111111323112 21
1002 233222333112231222112111211311 22
1002 322223434112311332131311233322 23
1002 323233333323311113111111313223 24
1002 3232 423433333122   1411 1233  11
1002 333223333113231113111421 13212 12
1002 333234433443243234243112333113 13
1002 334233434123131312111211234121 14
1002 423243333123111231233313423333 15
1003 4332 3343333311122241111323213 16
1003 433233343123312213121311333323 17
1003 433223343133411131112311213332 18
1003 1233 4333333111311111111 33334 19
1003 134334 44                      20
1003 221332144213111311113111233113 21
1003 2223 2233232231111211111212111 22
1003 222322333222311113111111213112 23
1003 2233 2223332111111111111332123 24
1003 223323333112132112111111213111 10
1004 2243 4344213221113111121 12112 12
1004 22 33223322332213 213222  2112 13
1004 2323234333324231323222112 1113 14
1004 232334233 23311112331111323221 15
1004 233334233112132222111111223113 16
1004 233323243133111111111311333122 17
1004 233334443323131111111111334113 18
1004 3233344432131311 1111111333113 19
1004 333333343222132113112111313112 20
1004 333343334313111413111111332113 21
1005 333334344323111231111312343332 22
1005 333333333113131312211311323112 23
1005 333333333113222133121111233111 24
1005 333323344233311114314111 33113 10
1005 333333334233321332111111323113 11
1005 33333333433333133 113111323112 13
1005 333334433233332233123213323111 14
1005 333333443113342323111311333223 15
1005 333334444413431344134313444113 16
1005 333333234213 31113111421323123 17
1006 333333444414132333134111434113 18
1006 3333 3443334243213111412314233 19
1006 334333444 43122133111113343113 20
1006 3343 4444213132313131111413223 21
1006 3343 4433334142113211412313323 22
1006 3433 4434343141313111411 23232 23
1006 343334434323341333134311333443 24
1006 344344443324142113113211 13123 10
1006 4233 3233323411133232112333114 11
1006 433323343323111113134111433113 12
1007 433343343233211223111211 22213 14
1007 433334344213311111213111343113 15
1007 4343 3334323111113113111313224 16
1007 434333343443221224124111423114 17
1007 434334344323231332111311233112 18
1007 434324443324332133211112224223 19
1007 434344444334433434234314343333 20
1007 4433 4444343111121111111 13111 21
1007 443334444443111111141111433114 22
1007 4433 4443113141114111111 23333 23           